# libauth 3.1.0-next.8 BCH-2026 op-cost metrics: hex arithmeticCost hashDigestIterations signatureCheckCount stackPushedBytes evaluatedInstructionCount
525393 1 0 0 3 3
535495 2 0 0 3 3
555396 2 0 0 3 3
555397 2 0 0 3 3
528b 1 0 0 2 2
528c 1 0 0 2 2
528f 1 0 0 2 2
5290 1 0 0 2 2
022c0102900193 2 0 0 6 3
0142a8 0 1 0 33 2
0142a9 0 2 0 21 2
0142aa 0 2 0 33 2
0142a6 0 1 0 21 2
0142a7 0 1 0 21 2
2842424242424242424242424242424242424242424242424242424242424242424242424242424242a8 0 1 0 72 2
2842424242424242424242424242424242424242424242424242424242424242424242424242424242aa 0 2 0 72 2
51527e 0 0 0 4 3
014201427e 0 0 0 4 3
525580 0 0 0 7 3
5576 0 0 0 2 2
52536e 0 0 0 4 3
5253546f 0 0 0 6 4
525378 0 0 0 3 3
014282 0 0 0 2 2
74 0 0 0 0 1
5182 0 0 0 2 2
